index
74
421
258
317
329
333
502
348
472
401
444
246
39
108
469
223
488
396
490
285
42
383
203
165
241
33
461
292
282
270
479
452
497
303
267
334
486
448
136
364
474
87
175
86
420
219
458
60
164
127
231
134
312
109
427
96
81
237
236
44
496
149
376
296
212
501
487
166
339
248
400
117
66
30
57
146
293
445
337
310
245
76
77
216
204
297
417
355
8
359
79
299
509
360
393
227
72
135
395
217
350
301
50
119
130
0
373
244
290
388
36
163
139
98
322
64
171
365
10
70
418
371
338
323
314
504
385
12
16
197
138
483
99
69
375
253
332
377
394
390
155
442
150
478
506
15
288
433
102
226
21
435
230
124
151
511
84
131
28
13
56
468
257
232
457
411
362
202
341
75
62
140
344
4
118
415
466
110
133
413
190
67
211
325
407
316
318
193
160
89
186
181
161
343
263
17
143
65
265
233
493
35
281
455
366
179
97
71
500
38
256
189
104
277
114
243
53
354
456
95
185
283
252
14
405
266
32
507
215
158
387
25
295
201
238
499
505
83
121
508
82
199
192
441
356
482
207
391
156
100
321
311
453
367
470
410
7
255
54
503
27
443
392
52
2
194
439
473
183
438
159
268
345
3
105
346
206
319
300
278
262
247
169
378
91
440
209
340
398
176
374
331
59
239
46
120
221
425
294
358
357
22
31
180
208
112
242
40
428
68
464
94
510
78
423
408
287
148
196
214
222
153
271
273
234
352
264
414
380
462
286
347
187
195
55
142
43
49
476
34
291
250
324
429
454
198
73
309
315
386
369
353
251
162
188
431
379
92
279
491
412
249
459
351
447
229
272
302
389
328
372
313
349
308
327
123
51
305
19
178
477
129
481
61
284
434
6
213
167
128
342
368
101
336
45
174
9
90
485
471
370
335
304
63
1
492
403
88
122
29
225
463
80
48
259
363
326
280
432
184
5
261
191
451
113
170
384
498
235
41
289
157
205
298
422
126
23
154
11
106
172
137
111
409
173
484
228
475
330
145
220
168
467
426
460
489
141
224
132
306
152
260
406
147
240
437
210
125
404
320
37
494
465
381
446
103
274
424
182
20
85
116
397
495
144
93
450
200
26
399
307
269
47
436
430
361
58
480
275
177
382
419
107
449
115
416
24
402
254
218
276
18
